-39.991113967735174 -40.545947301798705 -35.353937769240446
-41.04368096048344 -41.63057992363271 -61.03251101498694
-42.868723628551386 -43.96774460492414 -86.46843929989194
-45.345118443477084 -45.38089835274542 -58.28908126287724
-27.190753847098147 -46.257559547077726 -43.11413557436635
-34.6645395460726 -39.92964571338526 -64.86132796235925
-38.02818606682992 -22.653376519777293 -54.316015388414336
-37.53976254807448 -35.66250778489534 -23.386291522522512
-46.314154505356065 -45.48656722832015 -37.83569808334008
-43.38517632745423 -45.059773476851156 -72.62112827210586
-45.93880078765542 -45.80258664665932 -47.743442984226256
-45.229072849908576 -45.117671106892274 -51.85253644613743
-30.515823378659157 -30.0088793915539 -30.156579607866984
-28.430763443338822 -29.478940626909697 -54.94322373037995
-28.539637272695412 -28.5694509623625 -30.844914715842663
-28.709066588315086 -28.48642707933933 -29.30445528730959
-24.837284670336462 -33.34866917036595 -52.72542493115938
-30.068665679925687 -30.07625353253282 -63.296138287866974
-27.888795233010036 -23.706702215147516 -29.773391563900805
-27.037234440815396 -25.729273325750366 -18.937820196996945
-7.544454769959322 -12.018845400183908 -2.8117239701679395
-8.771356076731243 -25.9239868240822 -32.91784729561234
-14.071084543628668 -24.0561072525787 -29.524965662084487
-23.015788003030497 -12.905332218877026 -4.4905058067702575
4.494332157685067 -4.51888175529316 -91.1620248678911
2.0318515729300684 -7.049508757304079 -102.62495379981527
-13.677159830677724 11.706529794362295 -35.415659647902864
3.9226335687437563 2.0994700899233796 16.083606831171856
21.946634991706887 23.241626314576514 48.670370358470244
31.679020057978903 8.447830793418882 -14.247306415839724
25.101813240190072 6.523447439108427 -14.906260362899172
19.7270237185883 31.622129083428554 23.88745544800889
67.8254161520072 32.5096927034041 -88.73602993135556
39.312777746736664 22.34690947293337 -99.48335380903028
21.036005269542837 55.572746350392805 -6.809447239975461
37.93308103341766 42.46508375139859 91.3571971763738
82.4802323573275 36.48580428747327 -64.20223514467132
40.850556653906395 18.355537133107227 -8.28094860485679
28.16115171782994 59.57284445740281 -7.100786398231794
39.73983573938496 52.52840477407487 114.95607179373822
73.31123468539327 14.561553063397893 -98.15080475650687
29.282468755272053 31.995861143400628 18.559632184416948
27.524836567059065 75.72391208925511 -52.403790408150655
31.920538647482942 38.60783982894337 129.36395727050134
130.24007171601573 75.76665365631627 -93.6786512423154
59.24984756407477 144.83351208798842 6.793391261430826
116.64900434894588 138.19995329480088 187.12624076775998
170.30356155809287 110.82501488170121 -67.40919089177292
126.31917319761975 -3.4707711611000183 61.27080141086386
79.41008775350441 123.48142158501568 -32.16601873410556
111.38761107230016 121.03058975382973 134.9219967092935
170.8165283356349 72.3124989337743 -66.6390584433382
241.2387705719751 175.5588719220727 97.93996668160445
110.42654671516584 241.4606671266225 -79.00465063790442
213.71509707727958 245.4944703772125 206.3584490625026
235.11621761951412 232.4453534977686 272.17447370415175
-23.256548813609193 -21.359933167860873 -11.820483406969753
-19.208462618408184 -22.424709785621864 -20.4008403544041
-25.946280122540934 -26.217003731945933 -59.477106962968726
-26.753676202242275 -19.956440391500646 -41.730765439677384
-5.408046101805296 -17.91687880395822 28.68042350409717
-17.32608100413445 -23.17470547625134 -6.93116205185946
-22.72335707293759 5.46421547889438 -60.78468569388844
-5.873994813868078 8.539690374141106 -102.30427453145967
20.183587678422924 17.200570354133166 59.991507708008996
10.639486911877658 -20.392797752482046 24.821575630544558
15.720551424781448 -11.098793259918876 -112.00703930253005
-6.377874132713887 42.735955971601676 -102.04617892099226
-9.734801420998934 -34.514531562946345 -78.57935506499676
-28.98314474556416 -31.358879440907398 -33.92109341731789
-30.14704999357724 -12.146153312872476 -95.14674756216559
-29.42014967275227 -25.053067774327594 -14.396321120626787
-5.662505423501463 -18.608753681636777 -106.21774086159718
-9.42008655338251 -20.719504652936845 -24.799112102661223
-20.251025953697685 -3.5371374918814755 -78.16629132322393
-5.170879815024865 -5.4829994932610475 7.677268989919331
31.704041434613597 2.564699448667175 -86.10757504807168
-9.20124473675556 13.560325195490472 -30.610873674193794
2.5022890389730827 31.01464828464053 -90.54284570888673
12.929834506779843 14.295536632026181 49.262661664768196
67.16130589510163 5.704918564497067 -58.106802258862395
6.799158977341497 23.688935442150047 -3.8778477892180776
5.560185002469254 71.20726908253607 -97.69621944733689
52.77195124302981 49.0965432360771 73.73737507750013
87.34809568309232 85.61320445148712 123.82443905358363
91.31903728729499 29.89272404849985 2.8995422197641485
54.794787488289614 97.57933620913698 -87.80400263226669
87.79265784036072 105.97662010115705 -114.42469699250992
127.01586610703085 126.10436548899608 137.93362647175596
137.68015582543748 69.98103843069329 -85.11175908922131
122.11288002393759 24.1003286527808 -34.7094481547389
61.45135209280815 133.07463793193327 -92.8861822640117
238.49747945650654 189.3196188204018 223.14952378709955
215.10323361749545 100.90473778314058 -58.129516639461784
115.1033995155106 240.50498680061975 40.37276643421723
221.69522386559763 218.4009788523438 276.36669528209006
